{
 "cells": [
  {
   "cell_type": "code",
   "execution_count": 4,
   "id": "ff63d969",
   "metadata": {},
   "outputs": [
    {
     "name": "stdout",
     "output_type": "stream",
     "text": [
      "Requirement already satisfied: yfinance in /Users/admin/opt/anaconda3/lib/python3.9/site-packages (0.1.87)\n",
      "Requirement already satisfied: pandas>=0.24.0 in /Users/admin/opt/anaconda3/lib/python3.9/site-packages (from yfinance) (1.4.4)\n",
      "Requirement already satisfied: numpy>=1.15 in /Users/admin/opt/anaconda3/lib/python3.9/site-packages (from yfinance) (1.21.5)\n",
      "Requirement already satisfied: lxml>=4.5.1 in /Users/admin/opt/anaconda3/lib/python3.9/site-packages (from yfinance) (4.9.1)\n",
      "Requirement already satisfied: appdirs>=1.4.4 in /Users/admin/opt/anaconda3/lib/python3.9/site-packages (from yfinance) (1.4.4)\n",
      "Requirement already satisfied: requests>=2.26 in /Users/admin/opt/anaconda3/lib/python3.9/site-packages (from yfinance) (2.28.1)\n",
      "Requirement already satisfied: multitasking>=0.0.7 in /Users/admin/opt/anaconda3/lib/python3.9/site-packages (from yfinance) (0.0.11)\n",
      "Requirement already satisfied: python-dateutil>=2.8.1 in /Users/admin/opt/anaconda3/lib/python3.9/site-packages (from pandas>=0.24.0->yfinance) (2.8.2)\n",
      "Requirement already satisfied: pytz>=2020.1 in /Users/admin/opt/anaconda3/lib/python3.9/site-packages (from pandas>=0.24.0->yfinance) (2022.1)\n",
      "Requirement already satisfied: urllib3<1.27,>=1.21.1 in /Users/admin/opt/anaconda3/lib/python3.9/site-packages (from requests>=2.26->yfinance) (1.26.11)\n",
      "Requirement already satisfied: charset-normalizer<3,>=2 in /Users/admin/opt/anaconda3/lib/python3.9/site-packages (from requests>=2.26->yfinance) (2.0.4)\n",
      "Requirement already satisfied: idna<4,>=2.5 in /Users/admin/opt/anaconda3/lib/python3.9/site-packages (from requests>=2.26->yfinance) (3.3)\n",
      "Requirement already satisfied: certifi>=2017.4.17 in /Users/admin/opt/anaconda3/lib/python3.9/site-packages (from requests>=2.26->yfinance) (2022.9.24)\n",
      "Requirement already satisfied: six>=1.5 in /Users/admin/opt/anaconda3/lib/python3.9/site-packages (from python-dateutil>=2.8.1->pandas>=0.24.0->yfinance) (1.16.0)\n"
     ]
    }
   ],
   "source": [
    "!pip install yfinance"
   ]
  },
  {
   "cell_type": "code",
   "execution_count": 5,
   "id": "3f978dad",
   "metadata": {},
   "outputs": [],
   "source": [
    "import yfinance as yf\n",
    "import pandas as pd\n",
    "import numpy as np\n",
    "import matplotlib.pyplot as plt "
   ]
  },
  {
   "cell_type": "code",
   "execution_count": 53,
   "id": "f93f5484",
   "metadata": {},
   "outputs": [
    {
     "name": "stdout",
     "output_type": "stream",
     "text": [
      "[*********************100%***********************]  14 of 14 completed\n"
     ]
    }
   ],
   "source": [
    "data = yf.download('BTC-USD , ETH-USD ,DOGE-USD ,SHIB-USD,LUNC-USD,ADA-USD,SOL-USD , MATIC-USD,AVAX-USD,SPY, TDEX.BK ,GC=F,CL=F,BZ=F',\n",
    "                  period ='1y',interval = '1d')"
   ]
  },
  {
   "cell_type": "code",
   "execution_count": 54,
   "id": "6efffd9b",
   "metadata": {},
   "outputs": [],
   "source": [
    "df=data.Close"
   ]
  },
  {
   "cell_type": "code",
   "execution_count": 55,
   "id": "f7284764",
   "metadata": {},
   "outputs": [
    {
     "data": {
      "text/html": [
       "<div>\n",
       "<style scoped>\n",
       "    .dataframe tbody tr th:only-of-type {\n",
       "        vertical-align: middle;\n",
       "    }\n",
       "\n",
       "    .dataframe tbody tr th {\n",
       "        vertical-align: top;\n",
       "    }\n",
       "\n",
       "    .dataframe thead th {\n",
       "        text-align: right;\n",
       "    }\n",
       "</style>\n",
       "<table border=\"1\" class=\"dataframe\">\n",
       "  <thead>\n",
       "    <tr style=\"text-align: right;\">\n",
       "      <th></th>\n",
       "      <th>ADA-USD</th>\n",
       "      <th>AVAX-USD</th>\n",
       "      <th>BTC-USD</th>\n",
       "      <th>BZ=F</th>\n",
       "      <th>CL=F</th>\n",
       "      <th>DOGE-USD</th>\n",
       "      <th>ETH-USD</th>\n",
       "      <th>GC=F</th>\n",
       "      <th>LUNC-USD</th>\n",
       "      <th>MATIC-USD</th>\n",
       "      <th>SHIB-USD</th>\n",
       "      <th>SOL-USD</th>\n",
       "      <th>SPY</th>\n",
       "      <th>TDEX.BK</th>\n",
       "    </tr>\n",
       "    <tr>\n",
       "      <th>Date</th>\n",
       "      <th></th>\n",
       "      <th></th>\n",
       "      <th></th>\n",
       "      <th></th>\n",
       "      <th></th>\n",
       "      <th></th>\n",
       "      <th></th>\n",
       "      <th></th>\n",
       "      <th></th>\n",
       "      <th></th>\n",
       "      <th></th>\n",
       "      <th></th>\n",
       "      <th></th>\n",
       "      <th></th>\n",
       "    </tr>\n",
       "  </thead>\n",
       "  <tbody>\n",
       "    <tr>\n",
       "      <th>2022-01-20</th>\n",
       "      <td>1.258055</td>\n",
       "      <td>79.068459</td>\n",
       "      <td>40680.417969</td>\n",
       "      <td>88.379997</td>\n",
       "      <td>86.900002</td>\n",
       "      <td>0.155204</td>\n",
       "      <td>3001.120117</td>\n",
       "      <td>1842.500000</td>\n",
       "      <td>76.991684</td>\n",
       "      <td>1.960373</td>\n",
       "      <td>0.000026</td>\n",
       "      <td>127.205284</td>\n",
       "      <td>446.750000</td>\n",
       "      <td>9.81</td>\n",
       "    </tr>\n",
       "    <tr>\n",
       "      <th>2022-01-21</th>\n",
       "      <td>1.123233</td>\n",
       "      <td>65.922562</td>\n",
       "      <td>36457.316406</td>\n",
       "      <td>87.889999</td>\n",
       "      <td>85.139999</td>\n",
       "      <td>0.142640</td>\n",
       "      <td>2557.931641</td>\n",
       "      <td>1831.800049</td>\n",
       "      <td>64.836815</td>\n",
       "      <td>1.698990</td>\n",
       "      <td>0.000022</td>\n",
       "      <td>111.966057</td>\n",
       "      <td>437.980011</td>\n",
       "      <td>9.79</td>\n",
       "    </tr>\n",
       "    <tr>\n",
       "      <th>2022-01-22</th>\n",
       "      <td>1.066716</td>\n",
       "      <td>59.729050</td>\n",
       "      <td>35030.250000</td>\n",
       "      <td>NaN</td>\n",
       "      <td>NaN</td>\n",
       "      <td>0.132892</td>\n",
       "      <td>2405.181152</td>\n",
       "      <td>NaN</td>\n",
       "      <td>62.574390</td>\n",
       "      <td>1.530623</td>\n",
       "      <td>0.000021</td>\n",
       "      <td>94.178368</td>\n",
       "      <td>NaN</td>\n",
       "      <td>NaN</td>\n",
       "    </tr>\n",
       "    <tr>\n",
       "      <th>2022-01-23</th>\n",
       "      <td>1.122371</td>\n",
       "      <td>64.725410</td>\n",
       "      <td>36276.804688</td>\n",
       "      <td>NaN</td>\n",
       "      <td>NaN</td>\n",
       "      <td>0.141863</td>\n",
       "      <td>2535.039062</td>\n",
       "      <td>NaN</td>\n",
       "      <td>69.788620</td>\n",
       "      <td>1.616248</td>\n",
       "      <td>0.000022</td>\n",
       "      <td>99.578224</td>\n",
       "      <td>NaN</td>\n",
       "      <td>NaN</td>\n",
       "    </tr>\n",
       "    <tr>\n",
       "      <th>2022-01-24</th>\n",
       "      <td>1.066598</td>\n",
       "      <td>62.877632</td>\n",
       "      <td>36654.328125</td>\n",
       "      <td>86.269997</td>\n",
       "      <td>83.309998</td>\n",
       "      <td>0.137798</td>\n",
       "      <td>2440.352295</td>\n",
       "      <td>1841.699951</td>\n",
       "      <td>65.968719</td>\n",
       "      <td>1.507573</td>\n",
       "      <td>0.000021</td>\n",
       "      <td>91.650162</td>\n",
       "      <td>439.839996</td>\n",
       "      <td>9.76</td>\n",
       "    </tr>\n",
       "    <tr>\n",
       "      <th>...</th>\n",
       "      <td>...</td>\n",
       "      <td>...</td>\n",
       "      <td>...</td>\n",
       "      <td>...</td>\n",
       "      <td>...</td>\n",
       "      <td>...</td>\n",
       "      <td>...</td>\n",
       "      <td>...</td>\n",
       "      <td>...</td>\n",
       "      <td>...</td>\n",
       "      <td>...</td>\n",
       "      <td>...</td>\n",
       "      <td>...</td>\n",
       "      <td>...</td>\n",
       "    </tr>\n",
       "    <tr>\n",
       "      <th>2023-01-16</th>\n",
       "      <td>0.350040</td>\n",
       "      <td>16.740788</td>\n",
       "      <td>21169.632812</td>\n",
       "      <td>84.239998</td>\n",
       "      <td>78.849998</td>\n",
       "      <td>0.083636</td>\n",
       "      <td>1576.833496</td>\n",
       "      <td>1912.400024</td>\n",
       "      <td>0.000177</td>\n",
       "      <td>1.019492</td>\n",
       "      <td>0.000011</td>\n",
       "      <td>23.577564</td>\n",
       "      <td>NaN</td>\n",
       "      <td>10.00</td>\n",
       "    </tr>\n",
       "    <tr>\n",
       "      <th>2023-01-17</th>\n",
       "      <td>0.345761</td>\n",
       "      <td>17.126593</td>\n",
       "      <td>21161.519531</td>\n",
       "      <td>85.919998</td>\n",
       "      <td>80.180000</td>\n",
       "      <td>0.082982</td>\n",
       "      <td>1567.846069</td>\n",
       "      <td>1907.199951</td>\n",
       "      <td>0.000175</td>\n",
       "      <td>0.996012</td>\n",
       "      <td>0.000011</td>\n",
       "      <td>22.884064</td>\n",
       "      <td>397.769989</td>\n",
       "      <td>9.98</td>\n",
       "    </tr>\n",
       "    <tr>\n",
       "      <th>2023-01-18</th>\n",
       "      <td>0.326835</td>\n",
       "      <td>15.804331</td>\n",
       "      <td>20688.781250</td>\n",
       "      <td>84.980003</td>\n",
       "      <td>79.480003</td>\n",
       "      <td>0.080191</td>\n",
       "      <td>1515.506958</td>\n",
       "      <td>1904.400024</td>\n",
       "      <td>0.000162</td>\n",
       "      <td>0.940121</td>\n",
       "      <td>0.000011</td>\n",
       "      <td>20.850634</td>\n",
       "      <td>391.489990</td>\n",
       "      <td>9.96</td>\n",
       "    </tr>\n",
       "    <tr>\n",
       "      <th>2023-01-19</th>\n",
       "      <td>0.339099</td>\n",
       "      <td>16.196354</td>\n",
       "      <td>21086.792969</td>\n",
       "      <td>86.160004</td>\n",
       "      <td>80.330002</td>\n",
       "      <td>0.081660</td>\n",
       "      <td>1552.556519</td>\n",
       "      <td>1922.099976</td>\n",
       "      <td>0.000174</td>\n",
       "      <td>0.952890</td>\n",
       "      <td>0.000012</td>\n",
       "      <td>21.426765</td>\n",
       "      <td>388.640015</td>\n",
       "      <td>9.99</td>\n",
       "    </tr>\n",
       "    <tr>\n",
       "      <th>2023-01-20</th>\n",
       "      <td>0.338499</td>\n",
       "      <td>16.157946</td>\n",
       "      <td>21110.722656</td>\n",
       "      <td>86.709999</td>\n",
       "      <td>80.879997</td>\n",
       "      <td>0.081429</td>\n",
       "      <td>1559.083740</td>\n",
       "      <td>1930.400024</td>\n",
       "      <td>0.000171</td>\n",
       "      <td>0.954381</td>\n",
       "      <td>0.000011</td>\n",
       "      <td>21.360491</td>\n",
       "      <td>NaN</td>\n",
       "      <td>9.95</td>\n",
       "    </tr>\n",
       "  </tbody>\n",
       "</table>\n",
       "<p>366 rows × 14 columns</p>\n",
       "</div>"
      ],
      "text/plain": [
       "             ADA-USD   AVAX-USD       BTC-USD       BZ=F       CL=F  DOGE-USD  \\\n",
       "Date                                                                            \n",
       "2022-01-20  1.258055  79.068459  40680.417969  88.379997  86.900002  0.155204   \n",
       "2022-01-21  1.123233  65.922562  36457.316406  87.889999  85.139999  0.142640   \n",
       "2022-01-22  1.066716  59.729050  35030.250000        NaN        NaN  0.132892   \n",
       "2022-01-23  1.122371  64.725410  36276.804688        NaN        NaN  0.141863   \n",
       "2022-01-24  1.066598  62.877632  36654.328125  86.269997  83.309998  0.137798   \n",
       "...              ...        ...           ...        ...        ...       ...   \n",
       "2023-01-16  0.350040  16.740788  21169.632812  84.239998  78.849998  0.083636   \n",
       "2023-01-17  0.345761  17.126593  21161.519531  85.919998  80.180000  0.082982   \n",
       "2023-01-18  0.326835  15.804331  20688.781250  84.980003  79.480003  0.080191   \n",
       "2023-01-19  0.339099  16.196354  21086.792969  86.160004  80.330002  0.081660   \n",
       "2023-01-20  0.338499  16.157946  21110.722656  86.709999  80.879997  0.081429   \n",
       "\n",
       "                ETH-USD         GC=F   LUNC-USD  MATIC-USD  SHIB-USD  \\\n",
       "Date                                                                   \n",
       "2022-01-20  3001.120117  1842.500000  76.991684   1.960373  0.000026   \n",
       "2022-01-21  2557.931641  1831.800049  64.836815   1.698990  0.000022   \n",
       "2022-01-22  2405.181152          NaN  62.574390   1.530623  0.000021   \n",
       "2022-01-23  2535.039062          NaN  69.788620   1.616248  0.000022   \n",
       "2022-01-24  2440.352295  1841.699951  65.968719   1.507573  0.000021   \n",
       "...                 ...          ...        ...        ...       ...   \n",
       "2023-01-16  1576.833496  1912.400024   0.000177   1.019492  0.000011   \n",
       "2023-01-17  1567.846069  1907.199951   0.000175   0.996012  0.000011   \n",
       "2023-01-18  1515.506958  1904.400024   0.000162   0.940121  0.000011   \n",
       "2023-01-19  1552.556519  1922.099976   0.000174   0.952890  0.000012   \n",
       "2023-01-20  1559.083740  1930.400024   0.000171   0.954381  0.000011   \n",
       "\n",
       "               SOL-USD         SPY  TDEX.BK  \n",
       "Date                                         \n",
       "2022-01-20  127.205284  446.750000     9.81  \n",
       "2022-01-21  111.966057  437.980011     9.79  \n",
       "2022-01-22   94.178368         NaN      NaN  \n",
       "2022-01-23   99.578224         NaN      NaN  \n",
       "2022-01-24   91.650162  439.839996     9.76  \n",
       "...                ...         ...      ...  \n",
       "2023-01-16   23.577564         NaN    10.00  \n",
       "2023-01-17   22.884064  397.769989     9.98  \n",
       "2023-01-18   20.850634  391.489990     9.96  \n",
       "2023-01-19   21.426765  388.640015     9.99  \n",
       "2023-01-20   21.360491         NaN     9.95  \n",
       "\n",
       "[366 rows x 14 columns]"
      ]
     },
     "execution_count": 55,
     "metadata": {},
     "output_type": "execute_result"
    }
   ],
   "source": [
    "df"
   ]
  },
  {
   "cell_type": "code",
   "execution_count": 56,
   "id": "db2fca40",
   "metadata": {
    "scrolled": true
   },
   "outputs": [
    {
     "data": {
      "text/html": [
       "<div>\n",
       "<style scoped>\n",
       "    .dataframe tbody tr th:only-of-type {\n",
       "        vertical-align: middle;\n",
       "    }\n",
       "\n",
       "    .dataframe tbody tr th {\n",
       "        vertical-align: top;\n",
       "    }\n",
       "\n",
       "    .dataframe thead th {\n",
       "        text-align: right;\n",
       "    }\n",
       "</style>\n",
       "<table border=\"1\" class=\"dataframe\">\n",
       "  <thead>\n",
       "    <tr style=\"text-align: right;\">\n",
       "      <th></th>\n",
       "      <th>ADA-USD</th>\n",
       "      <th>AVAX-USD</th>\n",
       "      <th>BTC-USD</th>\n",
       "      <th>BZ=F</th>\n",
       "      <th>CL=F</th>\n",
       "      <th>DOGE-USD</th>\n",
       "      <th>ETH-USD</th>\n",
       "      <th>GC=F</th>\n",
       "      <th>LUNC-USD</th>\n",
       "      <th>MATIC-USD</th>\n",
       "      <th>SHIB-USD</th>\n",
       "      <th>SOL-USD</th>\n",
       "      <th>SPY</th>\n",
       "      <th>TDEX.BK</th>\n",
       "    </tr>\n",
       "  </thead>\n",
       "  <tbody>\n",
       "    <tr>\n",
       "      <th>ADA-USD</th>\n",
       "      <td>1.000000</td>\n",
       "      <td>0.961661</td>\n",
       "      <td>0.957979</td>\n",
       "      <td>0.373838</td>\n",
       "      <td>0.421337</td>\n",
       "      <td>0.838702</td>\n",
       "      <td>0.943148</td>\n",
       "      <td>0.602631</td>\n",
       "      <td>0.878142</td>\n",
       "      <td>0.846724</td>\n",
       "      <td>0.948003</td>\n",
       "      <td>0.979784</td>\n",
       "      <td>0.865095</td>\n",
       "      <td>0.124666</td>\n",
       "    </tr>\n",
       "    <tr>\n",
       "      <th>AVAX-USD</th>\n",
       "      <td>0.961661</td>\n",
       "      <td>1.000000</td>\n",
       "      <td>0.972605</td>\n",
       "      <td>0.336406</td>\n",
       "      <td>0.382805</td>\n",
       "      <td>0.876525</td>\n",
       "      <td>0.971601</td>\n",
       "      <td>0.693183</td>\n",
       "      <td>0.946563</td>\n",
       "      <td>0.887006</td>\n",
       "      <td>0.976616</td>\n",
       "      <td>0.971614</td>\n",
       "      <td>0.866804</td>\n",
       "      <td>0.200152</td>\n",
       "    </tr>\n",
       "    <tr>\n",
       "      <th>BTC-USD</th>\n",
       "      <td>0.957979</td>\n",
       "      <td>0.972605</td>\n",
       "      <td>1.000000</td>\n",
       "      <td>0.467938</td>\n",
       "      <td>0.521244</td>\n",
       "      <td>0.847553</td>\n",
       "      <td>0.975550</td>\n",
       "      <td>0.719580</td>\n",
       "      <td>0.910669</td>\n",
       "      <td>0.805762</td>\n",
       "      <td>0.941963</td>\n",
       "      <td>0.969096</td>\n",
       "      <td>0.853936</td>\n",
       "      <td>0.161469</td>\n",
       "    </tr>\n",
       "    <tr>\n",
       "      <th>BZ=F</th>\n",
       "      <td>0.373838</td>\n",
       "      <td>0.336406</td>\n",
       "      <td>0.467938</td>\n",
       "      <td>1.000000</td>\n",
       "      <td>0.985372</td>\n",
       "      <td>0.127897</td>\n",
       "      <td>0.349679</td>\n",
       "      <td>0.404277</td>\n",
       "      <td>0.324013</td>\n",
       "      <td>-0.031008</td>\n",
       "      <td>0.271780</td>\n",
       "      <td>0.395718</td>\n",
       "      <td>0.240741</td>\n",
       "      <td>-0.332357</td>\n",
       "    </tr>\n",
       "    <tr>\n",
       "      <th>CL=F</th>\n",
       "      <td>0.421337</td>\n",
       "      <td>0.382805</td>\n",
       "      <td>0.521244</td>\n",
       "      <td>0.985372</td>\n",
       "      <td>1.000000</td>\n",
       "      <td>0.186415</td>\n",
       "      <td>0.394897</td>\n",
       "      <td>0.457355</td>\n",
       "      <td>0.355250</td>\n",
       "      <td>0.007382</td>\n",
       "      <td>0.316994</td>\n",
       "      <td>0.440541</td>\n",
       "      <td>0.279476</td>\n",
       "      <td>-0.316765</td>\n",
       "    </tr>\n",
       "    <tr>\n",
       "      <th>DOGE-USD</th>\n",
       "      <td>0.838702</td>\n",
       "      <td>0.876525</td>\n",
       "      <td>0.847553</td>\n",
       "      <td>0.127897</td>\n",
       "      <td>0.186415</td>\n",
       "      <td>1.000000</td>\n",
       "      <td>0.877727</td>\n",
       "      <td>0.625067</td>\n",
       "      <td>0.847567</td>\n",
       "      <td>0.874510</td>\n",
       "      <td>0.874113</td>\n",
       "      <td>0.842691</td>\n",
       "      <td>0.807441</td>\n",
       "      <td>0.350396</td>\n",
       "    </tr>\n",
       "    <tr>\n",
       "      <th>ETH-USD</th>\n",
       "      <td>0.943148</td>\n",
       "      <td>0.971601</td>\n",
       "      <td>0.975550</td>\n",
       "      <td>0.349679</td>\n",
       "      <td>0.394897</td>\n",
       "      <td>0.877727</td>\n",
       "      <td>1.000000</td>\n",
       "      <td>0.687968</td>\n",
       "      <td>0.920313</td>\n",
       "      <td>0.858723</td>\n",
       "      <td>0.954941</td>\n",
       "      <td>0.963197</td>\n",
       "      <td>0.886151</td>\n",
       "      <td>0.254299</td>\n",
       "    </tr>\n",
       "    <tr>\n",
       "      <th>GC=F</th>\n",
       "      <td>0.602631</td>\n",
       "      <td>0.693183</td>\n",
       "      <td>0.719580</td>\n",
       "      <td>0.404277</td>\n",
       "      <td>0.457355</td>\n",
       "      <td>0.625067</td>\n",
       "      <td>0.687968</td>\n",
       "      <td>1.000000</td>\n",
       "      <td>0.723617</td>\n",
       "      <td>0.514896</td>\n",
       "      <td>0.622782</td>\n",
       "      <td>0.618958</td>\n",
       "      <td>0.678712</td>\n",
       "      <td>0.353415</td>\n",
       "    </tr>\n",
       "    <tr>\n",
       "      <th>LUNC-USD</th>\n",
       "      <td>0.878142</td>\n",
       "      <td>0.946563</td>\n",
       "      <td>0.910669</td>\n",
       "      <td>0.324013</td>\n",
       "      <td>0.355250</td>\n",
       "      <td>0.847567</td>\n",
       "      <td>0.920313</td>\n",
       "      <td>0.723617</td>\n",
       "      <td>1.000000</td>\n",
       "      <td>0.828458</td>\n",
       "      <td>0.905419</td>\n",
       "      <td>0.913914</td>\n",
       "      <td>0.785455</td>\n",
       "      <td>0.220085</td>\n",
       "    </tr>\n",
       "    <tr>\n",
       "      <th>MATIC-USD</th>\n",
       "      <td>0.846724</td>\n",
       "      <td>0.887006</td>\n",
       "      <td>0.805762</td>\n",
       "      <td>-0.031008</td>\n",
       "      <td>0.007382</td>\n",
       "      <td>0.874510</td>\n",
       "      <td>0.858723</td>\n",
       "      <td>0.514896</td>\n",
       "      <td>0.828458</td>\n",
       "      <td>1.000000</td>\n",
       "      <td>0.903174</td>\n",
       "      <td>0.828636</td>\n",
       "      <td>0.823752</td>\n",
       "      <td>0.373976</td>\n",
       "    </tr>\n",
       "    <tr>\n",
       "      <th>SHIB-USD</th>\n",
       "      <td>0.948003</td>\n",
       "      <td>0.976616</td>\n",
       "      <td>0.941963</td>\n",
       "      <td>0.271780</td>\n",
       "      <td>0.316994</td>\n",
       "      <td>0.874113</td>\n",
       "      <td>0.954941</td>\n",
       "      <td>0.622782</td>\n",
       "      <td>0.905419</td>\n",
       "      <td>0.903174</td>\n",
       "      <td>1.000000</td>\n",
       "      <td>0.954096</td>\n",
       "      <td>0.848791</td>\n",
       "      <td>0.216644</td>\n",
       "    </tr>\n",
       "    <tr>\n",
       "      <th>SOL-USD</th>\n",
       "      <td>0.979784</td>\n",
       "      <td>0.971614</td>\n",
       "      <td>0.969096</td>\n",
       "      <td>0.395718</td>\n",
       "      <td>0.440541</td>\n",
       "      <td>0.842691</td>\n",
       "      <td>0.963197</td>\n",
       "      <td>0.618958</td>\n",
       "      <td>0.913914</td>\n",
       "      <td>0.828636</td>\n",
       "      <td>0.954096</td>\n",
       "      <td>1.000000</td>\n",
       "      <td>0.834667</td>\n",
       "      <td>0.078221</td>\n",
       "    </tr>\n",
       "    <tr>\n",
       "      <th>SPY</th>\n",
       "      <td>0.865095</td>\n",
       "      <td>0.866804</td>\n",
       "      <td>0.853936</td>\n",
       "      <td>0.240741</td>\n",
       "      <td>0.279476</td>\n",
       "      <td>0.807441</td>\n",
       "      <td>0.886151</td>\n",
       "      <td>0.678712</td>\n",
       "      <td>0.785455</td>\n",
       "      <td>0.823752</td>\n",
       "      <td>0.848791</td>\n",
       "      <td>0.834667</td>\n",
       "      <td>1.000000</td>\n",
       "      <td>0.355008</td>\n",
       "    </tr>\n",
       "    <tr>\n",
       "      <th>TDEX.BK</th>\n",
       "      <td>0.124666</td>\n",
       "      <td>0.200152</td>\n",
       "      <td>0.161469</td>\n",
       "      <td>-0.332357</td>\n",
       "      <td>-0.316765</td>\n",
       "      <td>0.350396</td>\n",
       "      <td>0.254299</td>\n",
       "      <td>0.353415</td>\n",
       "      <td>0.220085</td>\n",
       "      <td>0.373976</td>\n",
       "      <td>0.216644</td>\n",
       "      <td>0.078221</td>\n",
       "      <td>0.355008</td>\n",
       "      <td>1.000000</td>\n",
       "    </tr>\n",
       "  </tbody>\n",
       "</table>\n",
       "</div>"
      ],
      "text/plain": [
       "            ADA-USD  AVAX-USD   BTC-USD      BZ=F      CL=F  DOGE-USD  \\\n",
       "ADA-USD    1.000000  0.961661  0.957979  0.373838  0.421337  0.838702   \n",
       "AVAX-USD   0.961661  1.000000  0.972605  0.336406  0.382805  0.876525   \n",
       "BTC-USD    0.957979  0.972605  1.000000  0.467938  0.521244  0.847553   \n",
       "BZ=F       0.373838  0.336406  0.467938  1.000000  0.985372  0.127897   \n",
       "CL=F       0.421337  0.382805  0.521244  0.985372  1.000000  0.186415   \n",
       "DOGE-USD   0.838702  0.876525  0.847553  0.127897  0.186415  1.000000   \n",
       "ETH-USD    0.943148  0.971601  0.975550  0.349679  0.394897  0.877727   \n",
       "GC=F       0.602631  0.693183  0.719580  0.404277  0.457355  0.625067   \n",
       "LUNC-USD   0.878142  0.946563  0.910669  0.324013  0.355250  0.847567   \n",
       "MATIC-USD  0.846724  0.887006  0.805762 -0.031008  0.007382  0.874510   \n",
       "SHIB-USD   0.948003  0.976616  0.941963  0.271780  0.316994  0.874113   \n",
       "SOL-USD    0.979784  0.971614  0.969096  0.395718  0.440541  0.842691   \n",
       "SPY        0.865095  0.866804  0.853936  0.240741  0.279476  0.807441   \n",
       "TDEX.BK    0.124666  0.200152  0.161469 -0.332357 -0.316765  0.350396   \n",
       "\n",
       "            ETH-USD      GC=F  LUNC-USD  MATIC-USD  SHIB-USD   SOL-USD  \\\n",
       "ADA-USD    0.943148  0.602631  0.878142   0.846724  0.948003  0.979784   \n",
       "AVAX-USD   0.971601  0.693183  0.946563   0.887006  0.976616  0.971614   \n",
       "BTC-USD    0.975550  0.719580  0.910669   0.805762  0.941963  0.969096   \n",
       "BZ=F       0.349679  0.404277  0.324013  -0.031008  0.271780  0.395718   \n",
       "CL=F       0.394897  0.457355  0.355250   0.007382  0.316994  0.440541   \n",
       "DOGE-USD   0.877727  0.625067  0.847567   0.874510  0.874113  0.842691   \n",
       "ETH-USD    1.000000  0.687968  0.920313   0.858723  0.954941  0.963197   \n",
       "GC=F       0.687968  1.000000  0.723617   0.514896  0.622782  0.618958   \n",
       "LUNC-USD   0.920313  0.723617  1.000000   0.828458  0.905419  0.913914   \n",
       "MATIC-USD  0.858723  0.514896  0.828458   1.000000  0.903174  0.828636   \n",
       "SHIB-USD   0.954941  0.622782  0.905419   0.903174  1.000000  0.954096   \n",
       "SOL-USD    0.963197  0.618958  0.913914   0.828636  0.954096  1.000000   \n",
       "SPY        0.886151  0.678712  0.785455   0.823752  0.848791  0.834667   \n",
       "TDEX.BK    0.254299  0.353415  0.220085   0.373976  0.216644  0.078221   \n",
       "\n",
       "                SPY   TDEX.BK  \n",
       "ADA-USD    0.865095  0.124666  \n",
       "AVAX-USD   0.866804  0.200152  \n",
       "BTC-USD    0.853936  0.161469  \n",
       "BZ=F       0.240741 -0.332357  \n",
       "CL=F       0.279476 -0.316765  \n",
       "DOGE-USD   0.807441  0.350396  \n",
       "ETH-USD    0.886151  0.254299  \n",
       "GC=F       0.678712  0.353415  \n",
       "LUNC-USD   0.785455  0.220085  \n",
       "MATIC-USD  0.823752  0.373976  \n",
       "SHIB-USD   0.848791  0.216644  \n",
       "SOL-USD    0.834667  0.078221  \n",
       "SPY        1.000000  0.355008  \n",
       "TDEX.BK    0.355008  1.000000  "
      ]
     },
     "execution_count": 56,
     "metadata": {},
     "output_type": "execute_result"
    }
   ],
   "source": [
    "df.corr()"
   ]
  },
  {
   "cell_type": "code",
   "execution_count": 57,
   "id": "020a2190",
   "metadata": {},
   "outputs": [
    {
     "data": {
      "text/html": [
       "<div>\n",
       "<style scoped>\n",
       "    .dataframe tbody tr th:only-of-type {\n",
       "        vertical-align: middle;\n",
       "    }\n",
       "\n",
       "    .dataframe tbody tr th {\n",
       "        vertical-align: top;\n",
       "    }\n",
       "\n",
       "    .dataframe thead th {\n",
       "        text-align: right;\n",
       "    }\n",
       "</style>\n",
       "<table border=\"1\" class=\"dataframe\">\n",
       "  <thead>\n",
       "    <tr style=\"text-align: right;\">\n",
       "      <th></th>\n",
       "      <th>ADA-USD</th>\n",
       "      <th>AVAX-USD</th>\n",
       "      <th>BTC-USD</th>\n",
       "      <th>BZ=F</th>\n",
       "      <th>CL=F</th>\n",
       "      <th>DOGE-USD</th>\n",
       "      <th>ETH-USD</th>\n",
       "      <th>GC=F</th>\n",
       "      <th>LUNC-USD</th>\n",
       "      <th>MATIC-USD</th>\n",
       "      <th>SHIB-USD</th>\n",
       "      <th>SOL-USD</th>\n",
       "      <th>SPY</th>\n",
       "      <th>TDEX.BK</th>\n",
       "    </tr>\n",
       "  </thead>\n",
       "  <tbody>\n",
       "    <tr>\n",
       "      <th>ADA-USD</th>\n",
       "      <td>1.000000</td>\n",
       "      <td>0.802180</td>\n",
       "      <td>0.798179</td>\n",
       "      <td>0.137125</td>\n",
       "      <td>0.122741</td>\n",
       "      <td>0.666538</td>\n",
       "      <td>0.808907</td>\n",
       "      <td>0.085765</td>\n",
       "      <td>0.194981</td>\n",
       "      <td>0.787955</td>\n",
       "      <td>0.612434</td>\n",
       "      <td>0.774251</td>\n",
       "      <td>0.465796</td>\n",
       "      <td>0.092232</td>\n",
       "    </tr>\n",
       "    <tr>\n",
       "      <th>AVAX-USD</th>\n",
       "      <td>0.802180</td>\n",
       "      <td>1.000000</td>\n",
       "      <td>0.792776</td>\n",
       "      <td>0.072872</td>\n",
       "      <td>0.073630</td>\n",
       "      <td>0.610323</td>\n",
       "      <td>0.836948</td>\n",
       "      <td>0.087666</td>\n",
       "      <td>0.223124</td>\n",
       "      <td>0.810621</td>\n",
       "      <td>0.568505</td>\n",
       "      <td>0.807401</td>\n",
       "      <td>0.446504</td>\n",
       "      <td>0.052362</td>\n",
       "    </tr>\n",
       "    <tr>\n",
       "      <th>BTC-USD</th>\n",
       "      <td>0.798179</td>\n",
       "      <td>0.792776</td>\n",
       "      <td>1.000000</td>\n",
       "      <td>0.119750</td>\n",
       "      <td>0.137485</td>\n",
       "      <td>0.652611</td>\n",
       "      <td>0.895024</td>\n",
       "      <td>0.112257</td>\n",
       "      <td>0.197666</td>\n",
       "      <td>0.780058</td>\n",
       "      <td>0.567646</td>\n",
       "      <td>0.765304</td>\n",
       "      <td>0.510294</td>\n",
       "      <td>0.113157</td>\n",
       "    </tr>\n",
       "    <tr>\n",
       "      <th>BZ=F</th>\n",
       "      <td>0.137125</td>\n",
       "      <td>0.072872</td>\n",
       "      <td>0.119750</td>\n",
       "      <td>1.000000</td>\n",
       "      <td>0.921214</td>\n",
       "      <td>0.034195</td>\n",
       "      <td>0.122362</td>\n",
       "      <td>0.332276</td>\n",
       "      <td>-0.038793</td>\n",
       "      <td>0.086255</td>\n",
       "      <td>0.084381</td>\n",
       "      <td>0.067175</td>\n",
       "      <td>0.074504</td>\n",
       "      <td>0.039387</td>\n",
       "    </tr>\n",
       "    <tr>\n",
       "      <th>CL=F</th>\n",
       "      <td>0.122741</td>\n",
       "      <td>0.073630</td>\n",
       "      <td>0.137485</td>\n",
       "      <td>0.921214</td>\n",
       "      <td>1.000000</td>\n",
       "      <td>0.047301</td>\n",
       "      <td>0.140705</td>\n",
       "      <td>0.356629</td>\n",
       "      <td>-0.035987</td>\n",
       "      <td>0.073511</td>\n",
       "      <td>0.093371</td>\n",
       "      <td>0.057289</td>\n",
       "      <td>0.087059</td>\n",
       "      <td>0.063075</td>\n",
       "    </tr>\n",
       "    <tr>\n",
       "      <th>DOGE-USD</th>\n",
       "      <td>0.666538</td>\n",
       "      <td>0.610323</td>\n",
       "      <td>0.652611</td>\n",
       "      <td>0.034195</td>\n",
       "      <td>0.047301</td>\n",
       "      <td>1.000000</td>\n",
       "      <td>0.674019</td>\n",
       "      <td>0.048770</td>\n",
       "      <td>0.165813</td>\n",
       "      <td>0.591253</td>\n",
       "      <td>0.633253</td>\n",
       "      <td>0.607623</td>\n",
       "      <td>0.382271</td>\n",
       "      <td>0.090602</td>\n",
       "    </tr>\n",
       "    <tr>\n",
       "      <th>ETH-USD</th>\n",
       "      <td>0.808907</td>\n",
       "      <td>0.836948</td>\n",
       "      <td>0.895024</td>\n",
       "      <td>0.122362</td>\n",
       "      <td>0.140705</td>\n",
       "      <td>0.674019</td>\n",
       "      <td>1.000000</td>\n",
       "      <td>0.086546</td>\n",
       "      <td>0.212643</td>\n",
       "      <td>0.839848</td>\n",
       "      <td>0.563603</td>\n",
       "      <td>0.798184</td>\n",
       "      <td>0.496216</td>\n",
       "      <td>0.137664</td>\n",
       "    </tr>\n",
       "    <tr>\n",
       "      <th>GC=F</th>\n",
       "      <td>0.085765</td>\n",
       "      <td>0.087666</td>\n",
       "      <td>0.112257</td>\n",
       "      <td>0.332276</td>\n",
       "      <td>0.356629</td>\n",
       "      <td>0.048770</td>\n",
       "      <td>0.086546</td>\n",
       "      <td>1.000000</td>\n",
       "      <td>0.025857</td>\n",
       "      <td>0.087536</td>\n",
       "      <td>0.099772</td>\n",
       "      <td>0.078214</td>\n",
       "      <td>0.131640</td>\n",
       "      <td>0.085525</td>\n",
       "    </tr>\n",
       "    <tr>\n",
       "      <th>LUNC-USD</th>\n",
       "      <td>0.194981</td>\n",
       "      <td>0.223124</td>\n",
       "      <td>0.197666</td>\n",
       "      <td>-0.038793</td>\n",
       "      <td>-0.035987</td>\n",
       "      <td>0.165813</td>\n",
       "      <td>0.212643</td>\n",
       "      <td>0.025857</td>\n",
       "      <td>1.000000</td>\n",
       "      <td>0.191169</td>\n",
       "      <td>0.124393</td>\n",
       "      <td>0.213614</td>\n",
       "      <td>0.036728</td>\n",
       "      <td>0.050937</td>\n",
       "    </tr>\n",
       "    <tr>\n",
       "      <th>MATIC-USD</th>\n",
       "      <td>0.787955</td>\n",
       "      <td>0.810621</td>\n",
       "      <td>0.780058</td>\n",
       "      <td>0.086255</td>\n",
       "      <td>0.073511</td>\n",
       "      <td>0.591253</td>\n",
       "      <td>0.839848</td>\n",
       "      <td>0.087536</td>\n",
       "      <td>0.191169</td>\n",
       "      <td>1.000000</td>\n",
       "      <td>0.567799</td>\n",
       "      <td>0.768941</td>\n",
       "      <td>0.447761</td>\n",
       "      <td>0.064924</td>\n",
       "    </tr>\n",
       "    <tr>\n",
       "      <th>SHIB-USD</th>\n",
       "      <td>0.612434</td>\n",
       "      <td>0.568505</td>\n",
       "      <td>0.567646</td>\n",
       "      <td>0.084381</td>\n",
       "      <td>0.093371</td>\n",
       "      <td>0.633253</td>\n",
       "      <td>0.563603</td>\n",
       "      <td>0.099772</td>\n",
       "      <td>0.124393</td>\n",
       "      <td>0.567799</td>\n",
       "      <td>1.000000</td>\n",
       "      <td>0.539707</td>\n",
       "      <td>0.362808</td>\n",
       "      <td>0.157876</td>\n",
       "    </tr>\n",
       "    <tr>\n",
       "      <th>SOL-USD</th>\n",
       "      <td>0.774251</td>\n",
       "      <td>0.807401</td>\n",
       "      <td>0.765304</td>\n",
       "      <td>0.067175</td>\n",
       "      <td>0.057289</td>\n",
       "      <td>0.607623</td>\n",
       "      <td>0.798184</td>\n",
       "      <td>0.078214</td>\n",
       "      <td>0.213614</td>\n",
       "      <td>0.768941</td>\n",
       "      <td>0.539707</td>\n",
       "      <td>1.000000</td>\n",
       "      <td>0.414876</td>\n",
       "      <td>0.079735</td>\n",
       "    </tr>\n",
       "    <tr>\n",
       "      <th>SPY</th>\n",
       "      <td>0.465796</td>\n",
       "      <td>0.446504</td>\n",
       "      <td>0.510294</td>\n",
       "      <td>0.074504</td>\n",
       "      <td>0.087059</td>\n",
       "      <td>0.382271</td>\n",
       "      <td>0.496216</td>\n",
       "      <td>0.131640</td>\n",
       "      <td>0.036728</td>\n",
       "      <td>0.447761</td>\n",
       "      <td>0.362808</td>\n",
       "      <td>0.414876</td>\n",
       "      <td>1.000000</td>\n",
       "      <td>0.150384</td>\n",
       "    </tr>\n",
       "    <tr>\n",
       "      <th>TDEX.BK</th>\n",
       "      <td>0.092232</td>\n",
       "      <td>0.052362</td>\n",
       "      <td>0.113157</td>\n",
       "      <td>0.039387</td>\n",
       "      <td>0.063075</td>\n",
       "      <td>0.090602</td>\n",
       "      <td>0.137664</td>\n",
       "      <td>0.085525</td>\n",
       "      <td>0.050937</td>\n",
       "      <td>0.064924</td>\n",
       "      <td>0.157876</td>\n",
       "      <td>0.079735</td>\n",
       "      <td>0.150384</td>\n",
       "      <td>1.000000</td>\n",
       "    </tr>\n",
       "  </tbody>\n",
       "</table>\n",
       "</div>"
      ],
      "text/plain": [
       "            ADA-USD  AVAX-USD   BTC-USD      BZ=F      CL=F  DOGE-USD  \\\n",
       "ADA-USD    1.000000  0.802180  0.798179  0.137125  0.122741  0.666538   \n",
       "AVAX-USD   0.802180  1.000000  0.792776  0.072872  0.073630  0.610323   \n",
       "BTC-USD    0.798179  0.792776  1.000000  0.119750  0.137485  0.652611   \n",
       "BZ=F       0.137125  0.072872  0.119750  1.000000  0.921214  0.034195   \n",
       "CL=F       0.122741  0.073630  0.137485  0.921214  1.000000  0.047301   \n",
       "DOGE-USD   0.666538  0.610323  0.652611  0.034195  0.047301  1.000000   \n",
       "ETH-USD    0.808907  0.836948  0.895024  0.122362  0.140705  0.674019   \n",
       "GC=F       0.085765  0.087666  0.112257  0.332276  0.356629  0.048770   \n",
       "LUNC-USD   0.194981  0.223124  0.197666 -0.038793 -0.035987  0.165813   \n",
       "MATIC-USD  0.787955  0.810621  0.780058  0.086255  0.073511  0.591253   \n",
       "SHIB-USD   0.612434  0.568505  0.567646  0.084381  0.093371  0.633253   \n",
       "SOL-USD    0.774251  0.807401  0.765304  0.067175  0.057289  0.607623   \n",
       "SPY        0.465796  0.446504  0.510294  0.074504  0.087059  0.382271   \n",
       "TDEX.BK    0.092232  0.052362  0.113157  0.039387  0.063075  0.090602   \n",
       "\n",
       "            ETH-USD      GC=F  LUNC-USD  MATIC-USD  SHIB-USD   SOL-USD  \\\n",
       "ADA-USD    0.808907  0.085765  0.194981   0.787955  0.612434  0.774251   \n",
       "AVAX-USD   0.836948  0.087666  0.223124   0.810621  0.568505  0.807401   \n",
       "BTC-USD    0.895024  0.112257  0.197666   0.780058  0.567646  0.765304   \n",
       "BZ=F       0.122362  0.332276 -0.038793   0.086255  0.084381  0.067175   \n",
       "CL=F       0.140705  0.356629 -0.035987   0.073511  0.093371  0.057289   \n",
       "DOGE-USD   0.674019  0.048770  0.165813   0.591253  0.633253  0.607623   \n",
       "ETH-USD    1.000000  0.086546  0.212643   0.839848  0.563603  0.798184   \n",
       "GC=F       0.086546  1.000000  0.025857   0.087536  0.099772  0.078214   \n",
       "LUNC-USD   0.212643  0.025857  1.000000   0.191169  0.124393  0.213614   \n",
       "MATIC-USD  0.839848  0.087536  0.191169   1.000000  0.567799  0.768941   \n",
       "SHIB-USD   0.563603  0.099772  0.124393   0.567799  1.000000  0.539707   \n",
       "SOL-USD    0.798184  0.078214  0.213614   0.768941  0.539707  1.000000   \n",
       "SPY        0.496216  0.131640  0.036728   0.447761  0.362808  0.414876   \n",
       "TDEX.BK    0.137664  0.085525  0.050937   0.064924  0.157876  0.079735   \n",
       "\n",
       "                SPY   TDEX.BK  \n",
       "ADA-USD    0.465796  0.092232  \n",
       "AVAX-USD   0.446504  0.052362  \n",
